146,30,826,30,826,76,146,76,GOOGLE+ DATA BREACH
181,181,1034,181,1034,223,181,223,HAPPENED BETWEEN 2015 & MARCH
179,227,295,227,295,265,179,265,2018
184,300,994,300,994,342,184,342,NO EVIDENCE DATA WAS MISUSED
182,392,1035,392,1035,431,182,431,DID NOT DISCLOSE DUE TO FEAR OF
182,438,752,438,752,477,182,477,REGULATORY SCRUNTINY
84,611,973,611,973,650,84,650,GOOGLE+ SHUTTING DOWN AFTER DATA EXPOSED
86,656,978,656,978,684,86,684,REPORTEDLY DIDN'T REVEAL BREACH OVER SCRUTINY FEAR
1076,622,1240,622,1240,676,1076,676,CBSN
1010,562,1231,562,1231,581,1010,581,cbsnews.com/michael
1072,510,1210,510,1210,549,1072,549,MICHAEL
1072,486,1228,486,1228,511,1072,511,HURRICANE
