148,28,824,28,824,77,148,77,GOOGLE+ DATA BREACH
185,199,942,199,942,245,185,245,500,000 USERS' DATA POSSIBLY
184,247,407,247,407,288,184,288,EXPOSED
184,319,993,319,993,363,184,363,NO EVIDENCE DATA WAS MISUSED
185,413,1083,413,1083,459,185,459,COMPANY TO SHUTDOWN PLATFORM
86,611,970,611,970,649,86,649,GOOGLE+ SHUTTING DOWN AFTER DATA EXPOSED
86,655,931,655,931,687,86,687,PERSONAL INFO OF 500__000 USERS LEAKED IN BREACH
1074,485,1227,485,1227,511,1074,511,HURRICANE
1072,509,1211,509,1211,547,1072,547,MICHAEL
1010,560,1232,560,1232,582,1010,582,cbsnews.com/michael
1075,623,1238,623,1238,677,1075,677,CBSN
