150,30,846,30,846,78,150,78,RECENT TECH SCANDALS
187,159,1006,159,1006,207,187,207,OCT. 2018: GOOGLE+ reveals 500,000
185,206,630,206,630,250,185,250,users's data exposed
183,279,1059,279,1059,321,183,321,APRIL 2018: Facebook admits 87 milion
182,328,904,328,904,372,182,372,exposed to Cambridge Analytica
1073,486,1227,486,1227,511,1073,511,HURRICANE
1072,509,1206,509,1206,548,1072,548,MICHAEL
1010,561,1231,561,1231,582,1010,582,cbsnews.com/michael
1073,622,1238,622,1238,677,1073,677,CBSN
86,611,976,611,976,652,86,652,GOOGLE+ SHUTTING DOWN AFTER DATA EXPOSED
87,655,976,655,976,686,87,686,REPORTEDLY DIDN'T REVEAL BREACH OVER SCRUTINY FEAR
